47,25,61,34,9,88,94,81,130
28,43,82,10,28,77,61,12,113
35,31,47,30,15,72,60,0,99
0,93,54,39,42,78,52,68,141
44,91,19,36,78,86,46,34,68
97,96,74,29,54,7,20,61,153
11,83,25,60,34,2,42,9,23
84,80,11,99,30,19,96,97,66
75,81,65,91,27,11,46,89,130
6,20,54,7,26,25,79,88,78
19,62,0,42,20,34,73,45,140
63,69,69,16,4,11,72,11,64
40,33,48,55,42,30,32,25,135
24,63,44,89,94,92,95,14,193
76,48,2,5,54,96,56,38,169
41,54,31,94,23,35,49,10,106
8,27,63,11,42,59,54,62,39
32,34,83,62,92,52,13,53,141
36,96,71,17,72,72,37,2,124
