93,55,48,16,59,77,41,65,37
83,73,66,59,36,18,35,7,66
88,75,1,86,97,10,33,39,129
9,60,3,87,31,51,11,90,10
54,37,17,22,35,62,72,76,180
37,15,66,97,54,26,88,87,42
65,2,70,77,1,95,56,4,96
88,70,39,76,89,49,11,33,42
28,36,27,81,23,88,52,30,193
31,73,23,21,28,33,21,64,191
5,86,41,89,86,5,1,24,141
5,48,48,84,25,90,29,45,186
6,93,32,39,8,74,94,53,32
29,85,34,6,57,75,66,0,119
23,29,60,44,62,47,12,12,55
59,60,94,85,3,21,65,36,48
41,75,39,49,18,47,15,7,57
92,71,24,43,83,30,50,73,107
9,18,5,63,98,68,44,79,56
