10,54,33,55,59,57,25,57,89
82,58,28,42,24,32,66,21,199
15,2,81,46,61,49,84,59,157
99,82,63,34,46,31,61,20,18
49,57,38,56,66,75,4,15,189
97,38,51,63,99,71,34,13,147
68,70,13,66,30,41,20,35,79
96,43,78,22,91,81,46,98,87
74,95,17,70,43,99,76,47,158
4,33,95,86,2,92,44,27,26
35,69,92,93,52,85,29,26,6
46,43,36,14,37,94,64,4,56
22,44,93,47,70,39,12,82,13
71,40,46,80,57,36,49,39,50
72,79,97,99,16,86,11,90,60
28,68,13,27,8,22,85,67,197
41,47,27,5,64,68,31,85,59
18,95,58,62,62,92,67,63,196
18,33,10,29,75,38,28,15,66
