7,21,33,53,26,87,75,34,176
4,87,2,38,52,60,77,51,33
15,69,92,90,52,43,79,69,116
20,30,16,76,99,89,91,82,141
93,37,71,50,64,99,37,83,169
16,81,27,57,54,33,94,68,65
2,62,66,25,49,56,79,51,109
65,95,45,43,7,65,7,27,15
32,28,52,37,6,9,46,12,99
25,90,74,57,78,37,31,92,31
73,72,64,80,91,59,20,56,190
34,23,84,18,65,58,61,7,150
50,24,74,41,50,39,6,36,5
46,72,87,76,16,79,29,87,18
50,52,60,18,47,5,93,40,77
57,86,97,0,7,2,87,72,42
46,79,8,45,2,63,22,72,148
45,39,86,2,44,93,18,79,154
31,43,64,27,98,12,12,6,43
