51,0,31,40,44,97,65,31,83
86,30,40,91,10,75,20,7,1
2,40,91,40,61,15,41,61,94
61,6,17,76,50,85,84,44,11
30,60,78,3,6,67,19,1,184
12,55,82,27,96,50,4,97,125
94,92,61,1,77,26,90,41,81
44,46,74,51,21,46,29,23,113
44,21,41,51,52,16,97,44,57
20,65,79,42,46,18,22,61,121
37,20,1,59,47,52,41,46,122
6,41,54,71,71,93,67,31,125
17,67,36,94,97,18,81,8,187
99,66,7,95,64,17,23,64,46
41,85,43,39,57,93,70,44,91
26,63,96,4,35,13,30,16,158
39,94,4,64,34,89,35,12,86
15,29,5,0,12,32,36,82,88
18,87,11,27,20,36,14,85,143
