85,51,22,91,24,21,99,91,28
67,96,78,95,16,95,37,25,161
18,91,34,31,28,40,73,87,69
15,89,15,92,97,69,60,71,37
85,96,66,26,30,43,87,0,44
22,22,29,22,43,5,51,88,103
19,34,38,67,6,89,12,67,188
73,27,67,91,56,88,37,63,55
4,5,67,78,53,50,69,95,106
50,66,53,94,11,31,83,27,77
26,97,63,54,99,57,10,54,156
32,59,85,60,26,24,72,5,41
29,64,5,20,93,48,42,6,78
19,32,30,20,93,53,27,91,38
88,90,59,23,86,88,11,5,97
6,98,47,94,23,51,36,3,96
1,44,79,17,49,31,87,30,47
9,59,26,99,48,16,59,71,67
5,16,69,2,26,67,95,12,29
