20,32,15,59,82,23,96,68,80
32,50,67,22,12,92,32,89,195
7,42,54,95,24,59,48,47,86
62,67,56,59,24,5,11,55,104
84,86,46,62,52,69,63,81,74
59,43,32,34,51,1,6,42,160
34,44,55,77,97,49,55,55,92
85,19,5,71,6,74,14,70,117
40,46,99,28,30,43,67,82,174
87,68,85,16,93,68,60,88,152
29,39,41,14,47,47,50,10,87
48,49,13,25,74,73,0,10,148
3,77,2,5,40,65,10,47,48
36,21,7,33,0,21,91,4,193
64,90,56,86,52,79,32,92,132
47,63,78,33,95,70,70,65,28
93,39,62,65,50,68,30,59,86
84,15,53,82,89,40,29,62,162
3,11,69,34,28,3,19,43,18
