62,80,90,2,78,19,22,27,157
81,65,42,1,79,10,12,11,38
77,33,65,7,71,17,34,16,109
43,20,59,95,49,22,3,62,87
4,74,54,5,32,80,18,66,68
16,99,38,94,72,96,92,31,185
56,72,72,75,45,74,54,17,152
55,84,27,29,5,29,40,93,119
18,95,99,33,23,70,55,4,64
81,35,51,20,27,21,94,78,83
61,58,67,82,36,92,7,47,171
97,56,92,57,88,43,71,25,154
31,87,76,36,56,56,1,74,20
49,25,38,10,66,63,72,22,129
11,1,18,70,6,79,38,88,92
7,28,36,81,51,14,73,6,10
39,38,32,87,31,61,6,93,113
34,69,54,97,44,65,61,17,107
9,69,75,68,43,60,92,82,101
