44,92,61,40,23,28,34,32,148
0,45,6,40,25,63,92,92,68
53,24,28,14,5,53,11,75,154
35,73,64,74,16,82,55,2,25
69,4,40,55,84,46,73,0,88
66,59,46,43,37,18,85,21,45
48,55,43,15,75,96,92,8,148
30,55,23,7,9,29,79,23,76
90,2,0,16,80,64,75,30,12
48,20,94,9,22,47,25,46,53
21,61,88,64,61,39,69,80,85
93,45,58,22,9,39,94,77,101
85,23,85,31,63,71,90,77,106
71,31,1,76,28,46,17,43,60
15,35,82,61,9,1,98,73,39
27,42,73,95,70,21,32,32,85
24,11,38,94,35,68,16,21,108
7,10,88,18,13,44,97,55,162
78,59,72,24,58,81,44,61,147
