58,74,58,55,6,90,46,48,135
22,45,13,80,25,98,10,32,34
94,20,93,35,13,15,11,65,107
0,85,54,26,73,18,34,64,94
6,31,89,93,46,72,91,91,15
33,3,73,20,97,94,69,4,190
54,45,15,65,31,67,44,48,121
53,32,85,7,86,56,87,3,54
82,85,11,84,44,92,88,7,162
1,45,89,44,56,94,33,75,195
61,26,79,10,22,78,57,74,153
47,96,82,3,2,82,5,53,48
82,18,52,53,42,76,32,64,104
15,62,7,80,44,88,11,73,101
8,15,59,64,31,16,74,91,85
20,82,98,13,2,74,46,86,93
47,69,90,59,1,84,61,13,18
41,34,45,59,11,93,17,45,60
40,32,85,37,73,24,50,21,142
