56,97,90,65,77,10,77,77,180
84,26,88,12,23,50,49,78,101
39,53,95,19,4,11,94,36,41
94,55,86,79,57,9,98,34,98
77,98,59,40,87,7,76,11,158
1,25,32,11,13,78,82,43,197
86,26,9,7,59,8,96,56,10
89,82,60,86,89,97,9,89,41
8,15,64,53,20,29,43,81,125
19,76,98,59,65,59,18,5,193
6,49,30,69,5,45,67,38,176
55,10,14,73,95,4,42,11,163
2,5,7,34,26,35,82,31,197
69,83,63,29,92,14,27,54,194
86,51,29,40,84,6,19,16,76
5,37,87,37,37,70,66,28,107
4,88,80,27,14,88,84,96,130
90,58,40,8,59,22,33,82,95
69,21,97,59,39,39,98,19,168
