17,55,58,40,42,38,8,95,163
94,1,33,71,97,59,74,31,196
39,57,88,48,78,11,30,33,86
59,76,92,37,55,14,12,98,0
92,36,31,27,81,49,12,19,198
93,63,59,47,23,79,14,37,87
70,47,64,20,99,94,30,45,126
77,82,75,33,39,9,66,77,112
45,27,76,86,41,41,70,77,56
41,73,13,79,83,2,78,32,173
94,98,57,57,80,63,24,21,158
7,59,40,71,68,26,55,0,54
4,16,24,20,61,48,83,85,128
28,31,14,48,3,37,42,99,57
75,45,24,34,69,76,57,17,145
58,96,49,67,83,99,2,74,69
21,53,83,61,61,87,53,48,0
71,49,58,97,22,13,50,65,45
30,61,9,45,78,33,97,26,68
