88,63,29,85,37,39,11,23,143
3,64,16,38,56,72,98,4,147
65,92,58,7,9,89,35,8,2
66,72,61,54,15,3,72,29,149
8,43,90,47,73,81,18,96,6
18,37,20,38,89,47,20,77,152
88,99,71,7,51,9,0,65,138
22,51,93,41,46,75,38,45,77
4,59,88,64,1,22,9,49,197
25,86,49,13,42,14,74,79,156
34,8,84,28,69,24,50,59,42
81,32,58,73,18,48,11,60,78
74,97,48,68,32,13,34,89,183
52,96,6,25,51,30,59,66,90
77,30,18,6,21,33,80,82,143
21,12,22,3,63,15,38,18,87
45,44,73,43,56,41,30,51,86
48,16,98,48,50,48,42,93,57
87,30,55,91,65,44,11,13,52
