56,72,9,13,62,49,94,90,63
7,45,76,7,56,26,74,78,145
31,97,56,38,99,37,44,92,127
17,5,25,23,58,22,39,72,109
20,48,88,33,67,65,7,21,157
56,85,63,84,45,10,59,86,128
52,0,40,12,30,67,74,17,124
61,22,17,85,3,80,90,83,45
10,38,18,89,94,60,76,4,113
13,76,91,53,51,34,38,51,78
76,70,41,88,94,89,82,68,24
13,22,44,84,70,59,4,48,80
64,4,80,53,25,82,58,3,68
34,99,49,95,37,73,21,54,53
34,68,82,18,78,92,4,60,174
72,17,0,47,17,55,14,67,152
60,10,73,85,98,69,38,53,5
73,34,76,97,18,38,41,98,26
72,68,40,54,1,42,82,5,20
