23,61,79,98,5,87,42,23,25
72,33,1,87,8,18,9,81,36
22,25,41,80,8,63,42,47,1
66,98,75,47,38,95,63,25,166
5,62,9,86,60,91,31,18,40
67,65,17,54,46,93,78,60,128
98,65,84,80,64,79,62,89,137
96,35,34,67,68,46,27,95,17
3,53,43,81,23,73,56,72,69
94,20,58,3,45,79,55,43,165
45,67,27,22,82,71,25,98,186
86,70,36,34,33,75,36,59,183
1,54,37,53,50,84,13,65,134
92,51,54,99,88,35,49,25,53
88,28,51,29,43,93,9,90,105
44,6,55,17,4,99,92,84,69
25,34,8,37,14,9,25,0,62
97,35,95,89,22,61,26,41,78
52,86,44,18,73,32,39,30,45
