1553
26024
4760
24253
22734
13361
22759
9603
14333
3812
6979
2799
22421
24290
5132
32690
1442
3013
9905
8082
5097
12726
26432
16747
9568
32537
14243
10182
25155
32000
14482
26709
25257
19242
18194
15223
32604
8185
24826
14170
11997
31805
16969
1651
23328
22101
1573
24771
25114
11478
85
30212
24204
26518
14191
1004
26288
28435
11187
18675
27667
25670
12616
20156
12144
30810
2612
11981
6228
27438
26151
18226
26476
10352
19877
17037
32453
21451
9040
24800
161
9126
22244
24365
2877
3668
25370
29165
32103
3790
15073
27003
29460
27689
14392
8837
25732
17004
20818
31961
