65,80,36,73,27,89,69,68,64
96,37,54,51,13,6,35,38,6
44,20,97,10,97,56,34,20,82
83,48,27,52,60,80,0,37,64
7,7,71,2,32,85,70,57,149
46,38,18,78,16,69,44,16,165
71,75,76,94,56,75,92,97,104
44,96,50,94,58,20,77,37,146
91,14,77,46,56,11,74,12,36
51,3,40,68,99,35,56,94,169
15,99,4,51,46,4,35,64,191
69,99,51,64,69,30,22,66,148
76,21,87,12,21,59,91,60,96
15,0,66,19,9,33,0,4,159
50,2,54,44,91,31,62,14,57
42,49,69,88,20,20,98,68,91
28,6,35,0,66,46,70,30,49
0,45,3,86,14,47,60,66,133
79,14,35,20,30,70,4,79,180
