87,73,16,60,97,89,67,3,77
84,16,27,81,73,80,16,87,114
25,30,95,87,85,75,54,50,188
57,2,35,56,47,34,40,67,36
6,69,81,90,66,59,85,32,138
72,82,26,8,92,59,8,26,138
10,41,99,80,93,99,24,23,26
87,0,83,63,63,42,37,82,53
73,86,62,9,35,43,77,38,118
23,65,28,73,66,64,9,20,60
35,6,92,83,53,66,18,48,195
56,85,40,55,57,78,97,17,137
81,87,79,93,3,58,3,73,165
90,96,20,19,74,69,10,20,35
95,91,34,33,65,20,83,32,95
72,20,58,65,54,29,43,2,199
94,14,79,33,73,49,62,37,122
40,66,81,75,26,24,88,30,158
57,40,19,74,65,99,16,44,103
