60,16,70,25,7,70,58,99,186
33,79,59,33,20,24,86,9,171
47,51,14,7,42,14,17,28,65
25,53,18,50,88,40,31,92,25
62,1,93,61,19,24,65,99,55
40,92,80,90,95,74,47,98,58
9,53,44,35,50,60,64,8,87
2,40,71,84,95,21,93,47,28
95,12,50,45,23,34,70,7,23
39,72,51,76,35,41,60,42,118
85,26,85,56,63,59,95,49,70
52,9,15,84,85,7,0,68,121
68,55,36,43,50,98,11,16,119
4,38,58,89,69,97,6,49,86
63,66,61,20,73,32,25,30,68
30,15,40,72,20,90,53,3,68
16,72,42,4,36,1,93,60,94
67,34,58,1,23,27,68,96,41
53,93,85,4,73,65,14,59,136
