28,81,31,70,5,50,77,39,17
51,65,98,82,12,66,68,28,26
3,59,32,41,94,17,51,99,6
46,20,74,54,74,14,76,73,195
19,2,67,92,84,96,14,34,77
38,74,60,89,14,38,89,69,112
72,55,80,37,92,25,0,31,89
7,3,38,93,1,90,9,60,12
22,17,93,9,79,68,53,16,113
20,35,89,62,26,29,70,89,165
20,19,9,32,99,87,10,7,111
67,47,34,48,87,31,7,98,48
56,25,71,69,57,27,14,62,57
94,77,92,79,89,96,99,41,135
75,32,0,4,52,26,78,1,103
20,27,9,37,18,51,76,15,122
92,10,57,66,26,52,55,89,172
7,66,88,45,99,19,7,87,26
50,34,26,50,89,60,36,27,80
